2
2
2
2
2
2
3
3
3
3
3
3
3
3
3
4
4
4
4
4
4
5
5
5
5
5
6
5
5
6
6
5
6
6
7
7
7
7
7
8
8
8
8
9
9
8
9
9
9
10
10
11
11
12
11
11
12
12
12
12
13
13
11
14
13
13
14
14
14
15
15
15
16
17
17
16
17
17
17
15
17
17
17
18
18
18
18
19
21
19
21
22
21
19
22
21
20
22
22
21
23
22
21
23
23
24
24
24
25
24
23
25
24
24
26
25
25
27
26
27
25
28
29
28
28
29
28
27
28
28
28
29
28
28
29
29
31
30
32
33
31
30
32
32
31
32
31
31
32
32
30
32
32
35
34
35
35
35
33
36
35
33
36
36
34
36
35
36
35
37
38
37
37
38
38
36
38
38
37
38
38
37
38
39
38
39
40
40
40
39
41
40
39
40
40
40
41
41
39
42
41
44
41
44
44
42
43
44
43
42
44
44
42
43
43
42
43
45
45
44
44
46
45
44
46
45
45
47
47
45
47
46
46
46
48
49
46
48
49
47
45
36
49
53
51
50
49
50
50
50
50
51
52
49
50
52
52
50
51
51
51
53
53
50
52
53
54
53
54
55
54
53
56
56
64
60
57
56
56
55
55
55
56
57
56
56
58
57
55
58
57
58
59
60
58
59
59
59
59
61
61
67
80
65
62
61
61
61
61
62
62
60
61
62
63
61
64
65
64
62
65
62
63
65
64
63
63
63
71
84
66
67
66
67
67
66
65
67
66
66
67
67
66
68
67
67
68
70
70
68
68
69
69
66
69
76
70
71
72
69
70
71
70
71
72
72
71
71
72
71
70
72
72
72
73
73
71
73
74
75
72
75
75
76
81
77
75
73
74
73
73
74
73
74
74
76
75
75
77
78
77
75
76
78
77
79
78
76
76
76
82
87
82
81
79
78
79
79
76
77
78
77
80
78
78
79
80
82
79
82
82
81
79
81
81
79
82
90
99
84
83
83
83
83
85
82
84
85
83
82
84
83
83
82
83
83
83
83
82
83
84
86
84
84
85
85
95
95
88
87
88
87
85
87
86
86
87
89
88
86
85
89
89
86
89
88
86
89
88
86
88
88
89
88
100
106
89
90
92
90
89
91
90
89
90
90
89
90
92
93
91
92
93
92
89
92
91
91
92
92
91
91
93
94
93
95
94
93
91
93
92
90
92
93
93
94
94
92
95
95
97
95
97
97
96
94
96
96
94
95
101
97
98
97
95
97
97
97
96
97
98
97
96
97
97
97
98
98
97
99
99
98
98
99
100
99
99
100
102
99
101
102
100
101
101
99
98
100
100
100
101
101
100
100
101
100
99
101
100
99
102
101
100
102
103
103
112
120
106
105
103
105
102
102
104
103
102
104
102
102
103
105
105
104
107
106
106
103
106
104
104
105
104
103
105
104
109
115
109
109
107
107
108
107
105
106
106
107
107
107
104
108
109
108
107
109
110
108
106
109
107
105
107
107
117
122
108
109
111
109
111
110
112
111
110
108
111
110
109
111
110
110
111
112
111
112
112
113
111
113
113
111
110
123
123
111
115
112
111
112
112
112
112
113
114
113
113
115
113
111
113
114
114
114
113
112
115
114
114
114
115
115
115
112
119
116
116
116
116
115
114
115
114
115
115
117
117
118
118
117
115
117
118
116
118
117
116
117
118
116
117
117
115
106
119
122
120
118
120
119
118
120
119
117
120
119
119
119
120
121
120
119
120
119
119
120
120
119
120
120
119
118
112
124
123
125
125
123
121
122
121
121
121
120
121
121
121
122
122
124
124
123
124
124
123
121
123
122
124
123
123
111
126
130
125
126
126
127
125
124
127
125
123
126
126
125
126
125
125
126
127
126
126
127
128
127
124
126
125
125
131
130
128
129
129
126
129
128
129
128
130
129
128
128
129
128
128
130
127
126
128
128
127
129
129
130
128
129
141
140
129
133
132
130
131
129
127
131
131
130
131
132
133
133
132
132
133
131
132
132
131
132
132
131
133
133
133
135
141
137
135
133
135
133
132
134
132
132
133
134
133
134
135
135
136
135
136
134
134
136
136
134
135
134
132
134
136
140
137
138
138
137
136
137
136
135
137
138
136
137
136
135
137
137
137
138
138
139
138
137
137
137
137
138
137
148
147
140
140
141
141
141
140
141
141
140
137
139
140
140
140
139
138
139
140
140
140
141
141
141
140
141
140
139
143
151
151
143
143
142
142
143
142
140
142
143
142
141
143
141
141
143
142
142
143
143
142
144
143
144
143
144
145
142
132
133
147
146
146
144
144
145
145
143
145
146
146
146
147
148
146
144
147
146
146
145
146
144
146
146
145
146
147
158
157
147
150
148
147
148
148
146
147
147
146
148
148
148
148
150
150
149
148
150
148
148
149
148
147
148
149
148
153
165
157
153
155
153
151
149
151
150
150
149
149
149
151
150
150
150
152
153
152
153
153
152
151
152
152
150
152
148
158
158
155
155
154
155
156
153
152
154
153
152
155
154
152
154
154
154
154
155
156
154
157
156
154
154
155
158
158
157
158
155
157
157
156
156
156
157
158
158
158
157
156
158
157
156
156
155
155
157
156
155
157
159
159
158
161
165
162
160
161
160
159
159
159
158
159
159
158
160
160
161
160
160
160
160
160
161
160
158
160
160
158
158
159
155
151
164
163
162
160
162
161
160
160
161
159
161
161
160
162
164
164
164
163
164
163
162
163
162
161
161
161
161
166
168
166
164
166
166
165
163
164
164
164
165
163
163
164
165
164
165
164
165
165
167
166
165
164
166
164
163
163
164
170
169
169
166
167
166
168
166
167
167
166
164
166
166
165
165
165
165
168
167
166
167
168
170
168
167
167
167
158
161
170
169
169
169
167
168
168
167
169
169
169
169
167
169
169
169
169
169
168
170
170
168
169
169
170
170
170
179
180
171
173
172
171
170
170
169
171
170
169
170
171
172
173
171
171
170
169
171
170
168
168
170
169
171
169
168
172
182
181
175
175
175
173
173
173
172
171
172
172
170
170
172
172
173
174
173
172
171
173
172
172
172
171
170
171
172
164
176
178
176
175
175
174
174
173
175
172
171
173
172
172
173
173
173
173
175
176
174
174
173
173
173
173
171
170
163
165
175
174
174
173
173
175
174
173
172
174
174
174
174
173
173
174
174
173
174
173
175
174
174
174
172
171
174
180
180
176
175
175
174
173
173
173
174
175
173
173
174
174
173
175
173
173
173
174
173
174
174
173
174
175
174
175
184
183
178
176
175
174
173
174
173
172
172
173
173
173
175
174
174
172
174
175
173
174
172
173
175
174
173
173
175
181
183
177
177
175
174
175
174
173
173
174
172
174
174
173
174
176
176
174
174
174
173
173
173
173
171
174
174
181
183
175
177
177
178
176
175
174
176
175
173
174
172
172
173
174
172
173
174
174
174
174
174
172
172
174
172
172
173
182
181
177
176
174
175
176
177
175
175
175
175
174
175
173
173
175
174
172
174
174
175
175
175
175
174
172
174
173
174
176
176
175
176
175
173
173
174
175
175
175
175
174
174
175
175
174
174
173
173
174
173
171
173
173
174
174
173
179
177
177
177
175
174
175
174
174
174
173
172
174
176
175
174
174
175
175
174
174
174
173
174
173
172
173
174
174
169
179
180
177
176
177
176
173
174
173
174
174
173
172
173
175
176
175
175
175
175
174
175
174
173
174
174
173
177
187
179
177
178
177
175
175
174
175
173
173
172
173
174
174
172
174
173
174
175
176
175
174
174
176
174
172
173
173
179
182
178
176
175
175
177
175
176
175
174
174
176
174
173
175
174
174
174
173
174
174
175
175
174
174
174
175
164
170
178
176
177
176
175
175
174
175
175
176
176
175
174
175
175
172
173
173
174
176
174
173
175
174
176
175
175
183
181
179
179
178
174
174
174
173
175
175
173
176
177
176
176
176
177
176
176
176
175
174
175
175
173
174
174
173
175
180
179
178
177
177
176
174
175
174
174
176
175
173
175
175
176
177
177
176
175
176
176
175
174
173
173
173
178
187
179
177
178
178
177
179
178
176
176
177
175
174
176
176
175
175
175
173
176
176
176
175
175
177
177
175
175
176
172
177
179
177
176
177
176
176
178
176
175
176
178
176
175
175
175
175
176
174
175
175
176
176
176
177
176
176
167
172
179
177
178
177
175
176
174
173
175
176
177
176
177
177
178
177
177
177
176
176
176
174
175
174
174
176
176
169
167
180
180
178
177
177
177
176
177
177
175
176
177
178
179
178
177
177
176
179
176
175
176
176
175
176
176
174
168
177
182
180
179
179
177
177
177
176
175
177
176
176
176
175
176
177
178
177
178
178
178
177
175
177
175
175
181
190
180
179
179
179
178
177
178
177
177
178
177
176
177
176
177
178
177
176
178
179
179
178
179
179
177
177
177
176
176
179
180
179
179
178
177
178
179
179
178
178
179
178
176
177
176
177
177
177
175
176
176
176
177
178
178
178
188
189
179
180
180
178
178
179
178
176
177
178
179
178
178
178
178
178
178
177
176
177
177
176
176
177
175
178
178
180
180
181
184
182
180
180
178
177
179
178
177
177
177
177
179
179
180
178
179
180
255
70
68
69
70
70
68
71
70
70
71
72
70
72
73
74
74
74
75
73
73
75
74
75
88
86
77
77
78
74
76
76
77
76
78
79
79
77
80
80
78
81
81
81
82
82
82
84
84
86
84
82
88
94
86
87
86
85
86
87
86
86
86
88
87
90
90
88
89
92
90
89
91
91
90
91
92
89
91
91
99
95
98
97
94
93
94
95
92
94
95
94
95
96
94
96
96
98
96
96
98
98
95
98
96
96
99
97
98
105
105
102
102
103
104
102
102
104
103
100
102
102
102
103
102
102
103
103
105
104
106
105
105
105
106
104
103
106
99
112
111
108
106
108
108
110
108
109
111
109
108
110
108
108
110
110
109
111
110
110
110
111
112
110
111
112
111
116
118
114
114
114
114
112
113
114
113
114
115
117
115
115
118
116
114
116
116
116
116
116
113
115
117
117
116
118
130
128
119
121
119
117
118
118
117
119
118
118
120
120
121
120
122
121
122
120
122
121
121
122
122
119
121
132
138
124
126
126
124
124
124
122
121
124
123
122
123
123
121
125
125
125
124
127
128
127
125
126
126
124
126
126
136
132
129
128
130
129
129
127
130
130
129
126
128
129
129
129
129
128
129
129
128
130
130
130
130
131
132
131
129
135
134
134
135
133
131
133
134
132
132
133
135
133
132
134
133
131
133
132
132
133
133
131
134
134
134
134
136
138
149
143
138
138
136
138
138
135
136
137
134
137
136
138
137
138
140
138
136
139
139
138
138
138
136
138
138
138
130
126
143
142
142
141
140
139
141
141
140
140
140
140
142
142
142
141
143
145
142
141
143
142
140
142
141
139
147
158
144
145
145
145
144
146
146
145
143
143
144
144
145
144
144
145
145
144
145
145
147
146
146
147
146
145
147
150
148
150
149
147
148
148
147
147
149
149
148
148
148
148
147
149
148
148
148
149
148
149
148
150
149
151
152
150
149
152
153
152
152
150
149
149
150
149
149
150
151
152
153
153
152
150
153
152
153
152
152
150
152
152
150
152
141
149
158
157
155
155
154
156
154
153
154
153
152
155
155
155
155
157
158
156
155
155
155
154
156
154
154
154
155
158
161
160
158
159
159
160
158
156
159
158
157
158
157
157
158
159
157
158
157
160
159
159
158
158
159
160
160
162
174
165
161
163
161
159
161
161
162
160
160
161
161
160
161
161
160
162
162
161
162
162
162
162
164
164
162
161
163
171
166
165
164
163
165
164
161
163
163
165
165
165
164
164
165
166
165
164
165
164
164
166
164
163
164
165
167
159
169
172
169
167
168
168
166
166
166
167
167
167
166
167
169
169
167
167
168
168
167
168
167
167
168
169
167
169
168
175
173
174
173
172
170
171
170
169
170
170
169
171
170
169
171
171
172
171
172
172
171
170
172
171
169
170
172
179
177
174
173
174
174
174
173
173
173
173
172
173
173
172
175
174
173
173
174
175
175
176
175
174
175
175
182
179
176
177
176
176
175
174
175
176
177
178
178
177
178
176
178
177
176
177
177
177
178
177
175
177
179
179
179
188
187
181
180
180
178
178
178
179
177
178
179
180
180
181
181
179
179
181
180
178
179
178
179
180
179
178
179
172
179
186
184
184
183
182
183
180
180
180
180
181
181
181
181
182
183
184
182
182
183
184
182
183
183
181
183
183
182
187
186
186
187
186
185
185
185
186
185
183
185
184
184
186
185
184
185
186
186
186
187
187
185
185
186
184
184
187
192
189
189
188
186
187
188
188
188
188
189
189
188
189
187
186
188
189
188
187
188
187
188
188
189
188
189
190
199
196
192
192
190
191
190
188
190
190
190
191
192
192
191
191
192
192
190
191
190
190
191
190
189
191
191
191
182
187
196
195
193
193
191
190
191
191
191
191
190
191
193
193
194
193
195
195
195
194
194
193
194
193
193
192
193
197
201
198
196
196
196
196
196
195
193
194
194
194
195
195
194
196
196
197
196
198
198
197
196
197
196
196
196
204
206
198
200
198
200
198
198
197
199
199
198
197
198
197
197
198
198
195
197
198
197
198
199
199
199
200
200
200
203
204
203
203
202
201
200
200
201
200
201
201
200
201
201
201
200
200
201
199
200
199
200
200
201
201
201
201
202
205
209
206
204
204
203
204
202
201
202
202
201
203
203
203
204
205
205
204
203
204
203
203
203
201
200
202
202
205
207
207
206
207
207
207
205
204
206
205
205
205
206
205
207
206
206
206
208
207
207
206
205
205
204
207
205
201
210
210
208
210
209
208
208
210
209
208
206
208
208
208
208
207
207
208
209
207
209
208
209
209
210
210
209
201
207
212
211
211
209
209
209
209
208
208
209
210
210
209
210
209
210
210
210
210
210
210
210
211
210
210
210
207
207
215
212
212
212
212
212
211
210
210
211
210
212
212
213
213
214
214
213
212
213
213
213
211
211
211
213
213
209
208
216
217
217
216
215
214
214
215
214
214
214
213
213
215
215
213
214
216
216
215
214
214
214
214
215
213
215
224
221
217
218
216
218
219
219
218
218
216
217
217
216
216
216
216
217
217
216
216
218
219
219
219
217
216
217
218
223
220
219
219
219
219
218
217
218
220
221
221
219
219
218
220
219
219
218
219
219
219
219
218
219
220
220
220
215
218
223
222
220
220
219
219
220
220
218
220
220
222
223
223
222
222
221
222
221
220
220
220
220
222
221
219
222
224
228
227
225
224
224
223
223
222
221
222
222
222
223
222
222
223
225
224
224
224
224
223
223
224
222
222
224
229
231
227
227
228
227
226
225
224
224
224
224
224
223
224
225
225
224
224
225
225
227
226
226
226
226
224
225
227
232
229
228
227
227
225
226
226
227
227
226
226
226
227
226
226
225
226
227
227
225
226
227
226
228
227
227
226
224
231
231
229
228
228
227
229
228
227
228
229
230
230
229
228
229
228
228
227
226
227
227
227
227
226
226
228
233
237
232
231
231
230
229
229
227
226
229
229
228
228
228
230
230
231
229
229
230
231
230
229
229
228
228
229
227
224
231
231
231
231
231
229
229
229
229
228
227
229
229
229
229
229
228
230
231
231
231
230
230
231
230
229
227
228
233
232
230
230
230
229
231
230
231
230
230
231
230
230
229
230
230
231
229
228
229
229
229
230
230
229
230
228
227
232
231
231
230
230
230
229
228
230
230
230
231
230
231
231
231
230
229
228
229
229
228
228
228
228
230
231
234
233
233
233
232
231
229
229
229
230
229
227
229
229
230
230
230
230
231
231
231
231
229
229
230
229
230
225
224
232
232
231
231
230
230
230
229
229
228
228
230
229
229
229
229
229
231
231
230
229
230
230
229
228
228
231
232
231
231
229
229
229
229
229
229
229
230
229
229
229
228
229
228
229
229
228
227
228
228
227
228
228
228
229
234
234
230
230
230
229
228
229
228
228
229
229
229
228
229
230
229
228
228
227
228
229
228
227
228
228
228
228
228
229
234
232
231
230
228
228
228
227
228
226
226
228
228
228
228
228
228
229
228
228
227
226
227
227
227
226
225
224
231
231
230
228
228
228
228
228
227
227
226
228
227
227
227
226
227
229
228
227
228
228
229
227
225
227
226
221
223
228
227
228
228
227
228
226
228
228
229
228
227
226
228
228
227
227
226
225
228
227
226
226
226
227
227
223
226
230
228
229
227
225
225
225
225
226
225
225
226
228
227
227
225
226
226
227
227
226
225
226
226
225
226
221
226
231
230
229
227
225
226
226
225
225
224
224
226
226
226
225
226
227
227
227
226
225
225
226
225
225
225
226
233
230
228
227
227
228
227
227
225
225
225
225
226
224
224
225
225
224
226
224
224
226
226
225
224
224
224
223
228
233
227
227
228
227
226
225
226
227
227
227
225
224
224
225
224
224
224
224
223
226
224
224
225
226
226
225
223
226
224
226
227
225
225
225
225
224
225
224
224
225
226
226
225
225
225
224
225
224
223
222
225
223
222
223
224
224
224
227
226
225
224
225
224
223
222
222
222
224
224
223
225
226
226
226
226
224
224
224
224
222
222
223
223
223
221
226
228
227
228
227
224
224
224
223
224
224
222
224
224
223
224
223
224
224
225
225
224
224
223
224
223
222
228
230
226
226
226
223
224
225
226
225
223
224
222
222
223
222
221
222
223
222
224
222
224
224
225
225
224
223
224
222
219
226
224
224
225
223
222
222
222
223
223
224
223
222
224
224
223
223
222
222
223
223
222
221
222
224
223
223
224
227
227
226
226
224
222
224
223
223
223
222
222
223
224
224
224
224
224
223
222
222
221
221
222
222
220
221
220
224
229
226
225
224
224
224
225
223
223
224
223
224
222
221
222
223
223
223
223
222
222
222
223
222
220
222
221
223
227
224
223
224
225
224
223
223
222
223
222
222
221
222
223
223
222
222
222
223
223
223
223
222
222
222
221
221
224
226
224
224
222
220
221
222
222
223
222
222
221
223
223
222
221
222
222
221
223
221
220
222
223
222
222
221
225
228
225
224
222
222
222
221
221
221
221
220
222
222
222
221
222
223
222
221
220
221
222
222
221
220
221
222
227
228
225
225
225
223
223
222
221
221
220
221
221
219
218
221
221
222
221
222
222
222
222
222
220
220
221
220
220
224
255
90
90
88
89
89
88
89
90
91
89
91
91
91
97
94
93
92
93
93
92
93
93
93
93
95
96
95
95
98
97
95
97
97
96
98
97
96
97
97
98
98
100
108
103
101
102
101
100
101
101
100
100
101
101
103
104
105
105
105
106
105
103
106
106
106
107
108
105
106
112
117
109
109
110
108
108
110
108
106
110
108
109
111
111
110
111
112
113
113
114
113
113
112
114
113
112
123
132
115
117
116
114
116
117
117
116
118
118
117
116
118
118
118
120
119
119
120
118
119
119
120
121
118
121
121
120
123
123
123
123
124
122
121
123
122
122
123
125
125
123
123
125
124
122
124
126
125
125
125
124
126
126
127
121
135
133
129
128
129
129
125
128
128
127
129
128
127
129
132
132
131
132
133
132
130
132
131
131
132
131
130
139
149
135
135
136
135
134
134
135
134
131
135
134
133
135
135
133
136
136
136
136
137
138
136
136
137
136
135
137
135
141
142
141
138
140
140
140
139
141
141
140
139
140
140
139
141
139
139
140
141
139
141
141
142
141
143
143
141
142
142
143
146
145
144
142
143
143
142
144
144
146
144
143
146
145
144
146
145
144
145
145
144
146
146
146
146
156
165
151
149
149
149
148
149
147
146
147
148
146
149
149
149
149
151
151
151
149
151
150
149
150
150
147
150
152
163
159
154
156
153
153
154
152
152
153
153
153
153
153
152
154
154
153
154
156
156
155
154
154
154
153
154
154
151
162
160
156
157
157
157
157
158
158
155
155
158
156
156
157
156
155
157
158
156
157
158
159
160
159
159
158
150
164
165
159
161
160
159
160
159
159
159
160
162
160
159
160
161
160
161
161
160
161
162
160
162
161
162
162
164
156
165
167
167
165
165
164
163
162
164
164
162
163
164
166
165
165
165
164
164
166
165
163
163
163
163
165
164
163
165
173
171
170
168
168
168
167
168
167
166
167
168
167
167
168
167
169
170
169
169
167
169
169
168
168
167
167
170
177
177
173
172
173
172
173
172
171
172
172
172
170
172
170
171
172
172
170
172
172
174
173
173
173
173
171
172
175
174
175
175
173
173
172
173
173
174
176
174
174
175
176
175
175
175
174
176
177
174
175
175
176
176
177
176
179
180
180
179
176
177
177
176
178
176
175
177
178
179
178
179
179
179
178
179
178
177
178
178
177
178
178
176
179
174
184
184
183
184
183
180
180
180
179
181
181
179
179
180
180
181
183
182
180
182
183
182
180
182
182
181
183
190
191
186
187
186
185
185
184
184
184
185
182
182
184
184
183
184
184
183
185
185
186
185
186
187
185
185
185
184
186
192
188
186
187
186
187
187
188
187
187
188
189
188
187
188
188
187
189
187
186
187
188
188
187
187
187
188
195
197
190
190
190
190
189
190
189
189
190
191
190
192
192
192
191
190
190
190
190
190
190
189
190
191
189
191
197
196
194
196
194
193
191
192
192
191
192
191
190
192
193
194
194
194
195
195
194
195
193
193
194
193
192
192
201
201
197
198
197
195
195
196
195
193
194
194
194
194
194
193
196
196
195
197
197
197
198
199
198
197
195
196
196
194
190
198
198
199
198
197
198
198
199
199
198
199
197
196
199
197
198
197
198
197
199
199
199
199
201
201
201
200
204
207
202
203
202
200
201
201
200
200
201
200
200
203
202
201
199
201
201
200
202
200
200
201
202
200
201
202
205
208
207
207
204
203
204
203
202
202
202
201
203
203
202
204
205
206
205
204
204
204
204
204
203
203
204
203
203
205
206
208
208
208
207
206
205
206
205
205
206
205
204
207
206
205
206
207
207
207
207
207
205
205
206
205
204
199
200
208
209
207
206
208
209
210
208
208
208
208
207
208
208
207
208
208
208
209
208
208
209
211
210
210
208
215
215
213
213
210
210
212
210
209
209
210
211
211
212
211
210
210
212
211
210
211
210
210
211
212
210
211
212
208
214
216
214
214
213
213
210
210
211
211
211
213
211
212
213
214
214
213
213
214
213
213
213
211
212
213
213
211
216
217
217
217
217
215
214
215
217
215
215
214
214
214
215
215
214
215
216
217
216
216
216
216
215
216
214
215
219
220
218
219
216
217
218
218
219
218
217
217
218
217
217
216
216
217
216
216
217
216
216
219
219
219
218
218
219
220
220
220
219
219
219
218
217
218
219
220
219
219
220
220
220
220
219
219
220
220
219
220
219
219
220
221
217
218
224
224
223
222
221
220
220
222
220
220
220
220
222
223
223
223
222
224
223
223
222
221
222
222
222
221
219
223
226
226
225
225
224
224
223
224
223
223
224
223
223
224
223
222
224
225
225
223
224
224
224
224
224
223
223
228
229
227
227
226
226
227
226
226
225
226
227
226
225
224
224
226
226
226
224
226
226
225
227
226
226
227
226
230
230
228
228
228
227
227
226
225
226
227
227
227
228
229
229
229
228
226
228
229
228
228
227
227
227
228
228
228
228
232
231
230
229
228
228
229
228
228
227
229
230
229
230
230
230
231
232
231
230
228
230
229
229
230
228
228
228
233
232
231
232
232
231
231
230
230
230
231
230
229
230
230
230
231
231
230
232
233
233
233
231
231
232
231
230
233
232
233
233
233
233
232
233
233
233
233
232
232
232
232
233
232
232
233
234
234
233
234
234
234
235
236
236
235
235
236
235
234
233
233
233
234
234
234
234
236
236
236
234
234
234
234
236
234
233
234
234
233
234
234
236
238
238
238
236
236
236
236
235
235
235
235
237
236
236
236
237
238
238
237
236
236
236
236
235
235
235
235
235
237
237
238
240
240
239
239
237
237
237
238
238
237
236
237
238
238
238
238
238
240
239
238
237
237
238
237
237
237
234
236
240
240
238
237
238
239
238
238
237
238
238
238
238
237
238
239
239
240
239
238
240
241
240
240
239
239
242
243
242
240
239
240
240
239
239
238
240
240
240
240
239
240
240
239
240
240
240
240
240
240
239
239
240
241
242
241
242
242
242
241
241
239
240
240
239
241
239
240
240
241
241
241
239
240
240
239
240
239
238
240
241
239
241
243
243
244
244
243
242
241
241
241
241
240
240
240
240
241
240
241
242
242
242
242
241
240
240
241
240
239
240
238
241
243
242
242
242
243
242
242
241
241
241
241
241
240
240
241
241
241
241
241
242
242
242
241
240
240
240
239
237
240
240
240
241
240
239
240
241
242
242
241
241
242
242
242
241
240
241
240
240
241
239
240
240
241
241
240
238
242
243
241
241
239
240
239
240
239
240
240
240
241
242
241
240
241
241
242
241
240
240
240
241
240
238
242
245
243
243
242
241
240
241
240
239
238
238
238
238
238
238
238
240
239
240
240
240
240
241
240
239
238
240
239
239
241
242
240
240
241
240
239
239
240
240
239
239
238
239
239
239
240
238
239
240
240
240
240
238
239
239
240
241
242
240
240
240
239
238
238
240
239
240
239
240
239
241
240
239
237
238
238
239
237
237
236
237
238
238
237
240
240
241
240
239
238
238
239
239
238
237
238
238
239
239
238
238
238
239
239
238
236
238
237
237
237
236
236
240
239
240
240
239
240
239
238
237
236
236
238
237
236
237
237
238
238
238
238
238
239
239
239
237
236
236
236
241
241
238
238
238
237
238
237
236
237
238
238
236
235
237
236
237
237
236
236
237
238
237
237
237
238
237
237
237
241
240
239
237
237
236
236
236
237
237
236
237
238
237
237
235
236
236
236
236
235
234
236
236
235
236
235
236
240
243
239
238
237
237
237
237
236
235
235
236
235
235
235
235
235
236
236
235
234
234
235
235
234
235
234
235
235
232
235
238
240
239
237
235
236
235
234
235
234
234
236
236
235
236
235
236
236
237
236
235
234
235
235
233
234
237
237
238
237
235
234
235
236
235
235
234
234
235
235
235
234
234
235
235
235
234
233
234
235
235
234
232
233
235
236
237
235
234
234
235
233
234
234
234
235
236
235
234
233
234
234
234
234
233
233
234
234
233
233
234
235
236
235
235
236
235
235
234
233
233
233
233
234
233
232
233
235
235
234
233
233
234
234
233
232
232
233
233
232
234
238
238
236
236
235
233
233
233
233
232
231
231
232
233
233
232
232
234
234
235
234
233
233
233
233
232
231
236
238
235
235
235
232
234
235
235
234
232
234
233
233
233
232
231
234
232
232
233
232
233
234
234
233
232
232
232
230
229
233
233
233
233
233
232
232
233
234
233
233
232
232
233
233
232
230
232
231
231
232
231
231
232
233
233
233
234
236
235
233
234
231
231
232
231
229
230
230
232
232
233
232
232
232
233
233
232
231
230
231
233
231
229
233
235
235
234
233
232
232
232
231
231
230
230
230
230
232
230
230
232
233
232
232
232
232
232
231
230
228
228
231
235
234
232
232
232
231
232
232
232
232
233
232
231
230
231
231
232
231
230
230
231
230
232
231
230
231
230
231
231
232
235
233
233
232
231
231
232
231
231
231
231
231
231
231
231
229
230
230
230
230
229
230
229
230
231
230
230
234
236
234
232
230
230
230
230
230
227
229
230
230
230
230
230
231
231
231
230
229
230
230
230
230
228
228
230
232
234
232
232
231
231
231
230
229
228
230
229
229
229
229
230
231
231
230
230
231
231
231
255
97
95
97
97
94
97
96
96
98
97
97
97
98
99
99
100
101
99
106
120
105
101
100
101
100
102
101
100
101
102
102
103
104
105
103
104
106
104
103
105
105
105
105
105
103
106
107
110
109
108
111
108
108
111
109
109
110
111
108
111
110
112
111
115
115
112
114
115
115
113
113
114
114
114
113
113
126
125
117
117
118
117
116
116
119
117
116
118
119
118
119
119
117
120
120
120
120
121
122
121
119
122
120
120
128
132
123
123
125
122
122
124
123
123
123
125
125
122
124
125
125
127
126
125
127
127
127
127
128
129
128
127
129
140
136
131
130
129
130
130
127
129
130
130
130
131
133
132
130
133
133
132
135
132
132
133
133
132
133
134
136
137
137
139
137
135
136
136
135
135
135
135
136
137
136
135
137
139
138
137
138
136
135
138
138
136
138
137
141
157
147
141
142
143
144
142
140
142
141
140
142
141
141
142
142
141
142
142
143
143
144
145
143
142
145
143
142
147
152
147
148
148
145
145
147
148
147
146
147
145
144
148
147
147
147
147
145
148
148
147
147
150
149
148
148
139
138
151
151
149
149
149
150
147
149
149
151
151
153
153
152
151
154
154
154
153
151
152
153
152
150
152
152
146
141
158
156
155
154
155
154
153
154
153
154
155
155
155
156
158
159
157
157
157
157
156
156
156
156
157
157
162
173
163
159
160
161
161
160
158
160
159
158
158
157
158
160
159
156
159
160
161
161
162
162
161
160
162
161
161
164
169
164
166
163
161
163
164
164
163
163
163
163
163
164
164
163
163
165
163
164
164
163
164
165
165
165
165
174
182
169
168
167
167
168
167
165
166
167
167
168
168
168
167
168
169
168
167
167
168
167
168
167
164
167
168
168
159
161
174
172
171
172
171
170
171
172
170
171
170
170
172
173
173
172
173
173
172
170
173
171
171
173
172
170
172
167
175
177
176
176
174
174
175
174
173
173
173
173
176
174
174
176
176
177
176
177
178
176
175
176
175
174
185
185
176
179
177
176
177
178
177
176
178
178
177
176
178
177
178
179
179
178
178
179
179
179
180
180
180
180
189
191
181
182
181
181
182
180
178
180
181
181
181
182
183
183
181
183
181
181
183
182
181
182
180
180
182
183
186
196
190
188
186
184
184
183
185
184
183
183
183
184
183
184
184
185
185
186
186
184
183
185
184
185
185
184
184
176
184
189
189
190
189
188
187
187
187
186
188
187
187
187
187
187
188
188
189
189
190
190
190
189
189
188
188
194
193
191
192
191
189
190
190
190
190
191
192
190
189
191
191
191
191
190
189
191
191
190
189
191
191
191
191
199
197
194
196
194
193
194
193
193
193
192
192
193
195
195
194
193
194
194
193
194
193
192
195
194
193
194
194
196
199
201
200
197
197
198
197
195
194
194
195
196
196
194
196
197
198
198
197
196
196
197
197
197
196
197
197
195
197
192
200
200
202
201
199
197
198
198
197
198
197
196
198
198
199
199
200
200
200
201
201
200
198
200
199
198
206
207
202
203
202
200
202
202
203
202
201
201
202
201
203
201
201
200
201
201
201
201
201
203
203
203
201
202
202
204
203
205
204
203
204
204
202
203
204
204
205
205
204
203
203
204
204
202
203
203
203
204
204
202
204
205
206
211
218
210
209
207
207
205
205
205
205
205
205
205
204
207
207
208
207
208
208
209
207
207
206
208
207
208
206
206
208
210
211
211
210
209
209
210
209
207
208
208
208
208
208
207
209
210
211
210
210
210
210
209
210
208
208
209
214
214
212
211
212
212
213
212
212
212
213
212
211
211
210
212
212
212
210
211
211
211
212
212
212
212
213
213
217
217
216
216
214
215
213
212
214
214
214
213
214
215
215
214
215
213
213
216
215
213
214
213
213
215
215
214
214
216
221
218
217
217
216
215
215
215
214
215
216
215
217
216
217
217
218
218
217
216
217
217
217
217
216
215
216
217
223
222
220
220
219
218
218
217
217
218
218
218
217
218
217
220
219
218
220
221
220
220
218
218
218
218
218
218
219
218
221
222
222
221
222
221
222
221
220
219
220
220
219
220
218
218
220
220
220
221
221
222
222
222
221
222
227
228
224
223
222
222
222
222
222
221
222
223
223
222
222
222
222
221
223
221
221
222
222
222
223
223
224
225
228
233
228
226
226
226
224
224
223
224
225
224
224
224
225
226
226
226
225
224
225
225
224
223
224
224
223
225
225
231
230
229
229
228
227
227
226
226
227
226
226
226
226
226
227
226
227
228
228
228
226
227
227
227
226
225
228
234
232
230
228
228
229
229
230
229
228
228
228
229
228
228
228
228
228
228
228
227
229
230
230
230
228
228
233
236
232
230
230
230
229
228
229
228
228
230
229
231
229
230
231
231
230
230
230
231
231
231
229
230
231
232
232
231
228
232
233
233
232
230
230
230
230
231
230
229
232
233
233
233
232
232
233
233
233
231
232
233
232
232
231
232
234
236
236
236
234
234
235
234
233
232
233
233
234
233
232
233
234
234
234
233
233
233
233
234
233
232
232
233
235
236
236
236
237
237
236
236
236
235
236
235
235
233
234
236
235
235
235
235
236
237
236
236
236
236
236
238
241
238
237
237
237
236
235
236
236
237
238
236
237
238
238
238
237
236
237
237
237
237
236
236
237
237
237
238
242
241
239
238
237
237
237
237
237
236
236
237
238
239
239
239
240
240
240
240
238
238
238
238
239
238
236
238
236
236
241
240
241
241
241
240
238
238
240
239
239
239
238
238
241
240
240
240
240
242
241
241
240
240
240
241
239
241
242
242
242
243
242
241
240
242
241
241
240
240
240
240
240
239
240
240
241
241
241
241
242
242
242
241
239
240
243
243
243
242
240
241
242
241
241
241
242
243
243
242
242
242
243
243
242
242
241
242
241
242
241
241
241
242
244
244
243
243
243
243
242
241
242
243
243
243
243
243
243
244
244
243
242
242
243
242
242
241
241
240
244
245
244
244
244
244
244
243
243
242
243
243
242
242
243
243
243
245
243
243
243
244
244
243
243
243
243
243
243
243
244
245
246
245
244
243
243
244
243
244
242
243
243
244
243
243
243
243
245
244
243
243
244
245
244
244
242
243
242
245
244
242
243
243
242
243
242
242
243
244
244
243
243
243
244
244
243
242
243
244
244
243
243
243
243
244
244
244
244
244
244
244
242
243
243
243
243
243
242
243
244
244
245
243
244
243
243
243
242
241
242
243
242
242
244
246
246
245
245
244
243
244
243
243
242
242
242
242
242
241
241
242
243
243
244
242
242
243
243
243
242
241
240
240
244
243
242
242
243
243
243
243
242
243
242
242
241
242
243
243
242
242
242
242
243
242
243
242
242
243
242
244
243
242
242
242
241
241
241
242
242
242
242
241
242
243
243
243
242
242
242
242
242
240
240
241
241
242
244
245
243
243
243
242
240
240
241
241
241
239
240
241
241
241
241
241
242
242
241
241
241
240
241
241
241
239
240
240
240
242
242
242
242
243
242
241
239
240
240
240
241
239
239
240
241
241
241
241
241
241
240
240
240
240
239
239
242
243
242
242
242
241
240
240
240
241
240
239
239
240
240
240
240
239
240
240
240
241
240
240
241
240
240
239
238
238
240
241
240
239
240
241
239
239
239
240
240
240
240
239
238
239
239
239
238
238
238
238
240
239
238
238
240
240
241
240
240
240
239
239
238
237
238
239
238
239
238
238
239
240
239
238
238
238
239
238
238
238
237
239
239
236
239
242
240
240
240
239
237
238
237
237
236
236
237
237
238
237
238
239
240
240
239
238
238
239
238
238
236
236
238
237
239
239
238
238
239
239
238
237
237
237
237
236
236
236
237
238
237
236
236
238
238
238
237
236
236
236
238
236
237
238
237
237
238
237
237
238
239
238
238
236
236
238
237
236
235
236
237
237
236
236
236
237
237
238
238
236
239
240
238
238
237
236
236
237
237
235
236
237
238
237
237
236
237
237
236
236
235
235
236
235
236
234
240
241
239
239
237
236
236
235
235
235
234
235
236
236
235
236
236
237
238
238
237
236
236
237
236
235
234
234
235
237
237
236
236
238
237
237
235
235
236
235
235
235
234
235
235
235
236
234
236
236
237
236
235
235
236
235
235
236
240
238
237
236
235
235
235
236
236
236
234
234
235
235
234
232
233
234
234
234
233
233
234
235
236
235
234
240
240
238
238
235
235
235
235
234
234
233
234
236
236
235
234
234
235
235
234
233
233
234
234
233
233
234
233
237
239
238
236
236
236
236
235
233
233
234
233
234
233
232
234
234
235
235
236
235
235
234
234
231
232
233
231
235
237
234
234
235
235
235
234
234
235
235
234
233
233
234
234
234
232
233
233
234
234
234
233
234
235
234
232
232
232
234
235
235
233
232
233
234
234
233
234
234
235
234
233
233
232
234
233
232
232
233
232
234
233
232
233
236
239
237
235
234
233
233
233
231
229
231
231
231
232
232
232
234
234
234
233
232
233
233
232
233
232
231
232
236
237
235
235
235
235
233
232
232
232
232
231
232
231
232
231
233
232
232
233
234
234
233
231
232
232
232
232
232
237
236
234
235
234
232
233
233
234
233
231
231
232
231
231
231
231
232
232
232
255
97
95
96
96
97
97
97
100
98
97
99
98
97
99
98
98
98
98
98
99
99
99
93
86
101
102
101
101
102
100
102
101
101
103
104
103
105
108
106
106
107
108
106
106
107
107
105
107
107
105
107
98
108
110
110
111
110
109
111
110
109
111
110
109
111
111
111
112
113
113
113
115
116
114
113
115
114
114
119
131
123
118
119
116
117
117
118
116
118
118
117
116
119
118
118
119
119
119
120
121
120
121
121
123
121
121
122
124
130
126
125
124
124
124
124
124
123
124
124
127
127
126
126
127
127
126
127
127
125
128
128
126
126
128
129
120
131
134
130
129
131
131
129
131
129
129
131
131
130
131
132
132
132
130
133
132
131
133
131
131
132
133
132
144
140
136
139
139
138
136
135
137
136
134
136
135
135
137
137
136
138
138
140
139
139
140
138
138
140
139
138
139
142
141
142
143
141
141
142
143
142
141
142
141
140
142
141
140
142
142
142
143
143
143
144
147
144
144
144
144
145
136
145
145
145
146
146
143
145
145
147
146
148
149
148
148
148
148
146
147
148
148
148
146
146
148
149
150
158
157
153
152
151
153
150
149
151
151
150
150
150
151
152
153
154
152
154
154
153
152
153
151
152
153
153
151
156
156
156
158
157
158
155
156
157
154
154
154
155
154
155
155
153
156
157
156
157
158
157
158
158
158
158
156
157
157
162
160
160
158
159
160
160
158
161
162
160
159
160
159
160
161
161
158
161
161
161
161
162
162
162
162
162
160
168
167
163
164
163
161
160
163
164
163
163
164
164
165
164
165
164
164
164
165
163
163
163
162
165
164
165
165
161
169
170
167
169
168
167
167
166
165
167
167
165
167
168
168
169
168
169
168
167
168
168
169
169
168
167
161
161
173
172
172
173
172
170
171
169
169
171
171
170
171
171
169
172
172
172
171
174
173
173
172
172
172
171
173
173
173
175
175
173
173
173
175
174
176
175
174
173
175
175
174
175
174
174
176
176
174
175
177
176
176
174
174
184
185
178
179
178
177
178
177
178
178
178
178
180
179
179
178
179
179
178
179
177
177
179
178
177
179
179
181
180
176
184
184
180
183
181
180
180
179
179
180
179
179
180
182
183
182
181
182
182
181
183
182
180
181
183
180
182
183
188
186
187
187
185
184
185
184
183
183
182
182
184
184
183
184
184
185
187
187
186
185
185
187
185
184
185
194
195
188
189
186
187
187
189
187
188
187
189
187
188
187
186
188
187
186
187
187
186
188
189
188
187
187
188
189
183
193
192
191
192
192
189
190
190
191
192
192
191
191
191
192
190
189
190
191
191
191
190
189
191
191
192
191
192
199
201
196
195
193
192
193
192
192
192
193
193
194
194
193
194
195
195
195
194
194
194
194
194
194
192
193
193
193
197
198
197
197
197
196
195
194
195
195
195
196
196
196
197
198
197
197
198
199
199
197
196
196
196
197
196
193
189
200
200
201
199
200
198
200
200
199
197
198
198
198
199
199
198
199
200
200
200
201
201
201
201
201
198
199
205
207
203
203
202
200
202
202
201
201
202
202
201
200
201
200
199
201
200
200
202
202
201
202
202
203
203
206
213
210
205
205
205
203
203
202
201
203
203
203
203
204
204
205
205
204
204
204
204
205
204
204
204
203
204
205
202
200
209
210
209
207
206
206
206
207
205
204
206
206
206
207
207
208
208
208
208
207
206
208
207
206
205
204
205
213
214
209
210
210
210
211
210
209
209
209
209
209
208
209
208
208
209
209
208
210
211
211
210
210
209
210
210
215
215
212
212
211
210
210
210
210
212
212
211
212
211
212
212
212
211
211
211
213
213
211
211
212
213
213
213
212
216
215
214
213
212
212
212
211
213
212
212
213
215
214
214
214
214
215
215
215
213
214
214
214
212
213
213
220
220
219
219
218
217
217
216
215
215
214
215
216
216
214
216
217
217
217
217
216
217
216
217
216
215
216
216
213
220
220
218
220
219
220
218
218
219
219
218
217
216
216
217
216
217
217
218
218
219
219
219
219
219
219
218
219
218
220
221
221
220
219
220
220
220
221
220
220
221
221
222
220
219
220
220
220
221
221
220
222
221
221
220
220
223
227
223
222
221
222
223
221
220
221
221
222
223
224
223
224
224
224
224
223
224
222
222
222
221
220
223
228
228
226
226
226
226
225
225
223
224
223
223
224
224
224
223
224
225
225
224
226
227
225
224
224
224
225
225
224
223
226
228
227
227
227
226
226
227
228
226
225
226
226
225
226
225
224
227
227
226
227
227
228
228
228
227
226
232
233
231
229
228
228
228
228
227
226
227
228
228
228
227
227
228
228
228
228
226
228
228
228
229
228
229
229
230
232
233
231
231
231
230
229
229
228
230
229
228
229
230
231
231
231
230
230
230
230
230
230
230
229
230
230
232
236
234
234
234
233
232
232
232
231
232
231
230
231
231
231
231
231
232
233
233
232
231
231
232
232
231
231
230
229
230
234
233
233
234
235
233
232
231
232
233
233
232
232
232
232
233
234
233
233
234
235
235
235
233
234
234
236
240
236
236
236
235
234
234
234
234
236
235
235
235
234
235
235
235
234
234
235
236
235
235
235
236
236
236
235
236
239
237
237
236
235
235
236
236
236
234
234
236
238
237
237
237
237
237
237
236
235
236
236
236
236
235
236
235
239
240
240
239
240
239
238
237
237
237
237
238
237
237
238
238
238
239
238
238
239
239
239
237
237
238
237
237
240
239
240
240
240
240
239
239
240
239
239
238
237
238
239
238
239
239
238
239
240
240
240
240
241
241
239
242
242
241
241
241
239
238
240
239
240
240
240
240
241
241
241
240
240
241
241
240
240
240
240
241
241
241
240
243
246
244
243
241
241
241
241
240
240
240
240
240
242
241
241
242
242
242
242
241
240
241
241
241
239
240
241
244
244
244
243
243
243
243
243
242
241
242
242
242
241
241
241
242
242
241
242
243
243
243
242
241
242
242
242
241
240
243
244
244
244
243
243
243
243
243
242
241
242
242
242
242
241
242
243
243
242
242
243
243
243
243
242
242
242
243
244
242
242
242
242
243
242
241
243
243
244
244
242
242
243
243
244
242
242
243
243
242
242
242
242
243
243
245
244
243
243
243
242
242
241
242
242
243
242
242
243
243
244
243
242
243
243
243
242
241
241
241
241
242
241
244
245
244
244
243
243
243
242
241
241
240
240
242
241
241
241
241
242
243
243
243
242
242
243
242
241
241
241
241
241
243
242
242
243
243
243
241
241
241
241
241
241
240
241
241
241
242
241
241
242
243
243
242
242
242
241
241
240
240
243
243
242
242
241
241
242
242
242
240
241
241
242
242
240
240
240
241
240
240
238
240
240
240
240
240
240
243
244
243
242
240
241
241
240
241
240
240
241
242
241
241
240
241
241
241
239
239
240
239
240
239
239
240
240
239
239
241
242
241
242
241
239
239
239
239
240
239
238
240
240
241
241
240
240
240
240
239
238
239
239
239
238
240
241
240
241
241
239
239
240
239
239
239
238
239
239
240
240
239
240
240
241
241
240
240
240
239
240
239
238
238
242
242
240
239
239
240
239
238
239
240
238
239
238
239
238
238
239
239
238
238
238
239
240
239
238
238
240
239
240
239
240
240
239
239
238
237
238
238
238
238
237
237
238
238
237
236
236
236
237
237
237
236
237
238
238
238
236
237
241
240
240
238
238
238
238
237
236
236
236
236
238
238
237
238
240
239
238
236
236
237
236
237
236
235
240
241
239
239
238
239
239
239
238
237
237
237
236
236
236
236
236
238
237
236
236
238
238
238
237
235
235
235
237
236
236
236
237
236
237
236
236
237
238
238
237
236
237
237
236
237
235
235
236
236
235
236
235
236
236
236
236
235
237
239
237
236
235
236
235
235
235
233
236
236
237
237
236
236
236
237
236
236
234
236
235
235
235
234
234
236
238
238
237
236
236
235
235
234
232
233
234
234
234
234
235
236
237
236
236
236
236
236
236
234
234
234
235
237
236
236
237
238
237
237
235
236
235
235
236
234
233
235
235
234
234
233
234
235
235
235
235
235
235
234
234
233
238
238
238
